000000000001 00000 000 01111 0010011
1111111 01111 01000 010 01100 0100011
000000000010 00000 000 01111 0010011
1111111 01111 01000 010 01000 0100011
01111111111101111111 00000 1101111
111111101100 01000 010 01110 0000011
111111101000 01000 010 01111 0000011
0000001 01110 01111 000 01111 0110011
1111111 01111 01000 010 01100 0100011
111111101000 01000 010 01111 0000011
000000000001 01111 000 01111 0010011
1111111 01111 01000 010 01000 0100011
111111101000 01000 010 01110 0000011
111111011100 01000 010 01111 0000011
1111111 01110 01111 101 11001 1100011
